2006-01	7.623319078996934	0.21200932746516374	-4.518538669455366
2006-02	3.5422977536961615	0.2676850309989795	-8.590705677305898
2006-03	3.549941703014067	3.4246016382806226	-6.301204823018325
2006-04	2.468313253255015	10.550200802985444	-0.7619678710359168
2006-05	2.067469880755106	15.550874474997354	2.8429071086821183
2006-06	1.8788755034766045	19.91718873498909	6.885020079254266
2006-07	1.4202876020725304	22.933696077437983	9.848231637612233
2006-08	0.8345899743459079	21.50847259746467	7.335406141951419
2006-09	1.6052208799644407	17.974297180302052	5.8112449872206495
2006-10	2.545511078447092	9.411737272297993	-0.15996890656108576
2006-11	10.495421688180851	-2.141204824068221	-7.533855429480234
2006-12	6.001438002985621	-0.9503303550290914	-6.212242526537567
2007-01	5.801476886777553	-1.7954527843689994	-8.438748542417754
2007-02	4.1050774507904215	-0.08377796895930258	-6.494449220613774
2007-03	6.138087820671456	3.984143028333291	-4.310765640644354
2007-04	2.834859436552927	8.66261044203876	-1.7961445806435792
2007-05	1.5840264295690771	15.087057905916662	2.1958414300627576
2007-06	3.392088352460938	17.047550200937263	6.199196780990644
2007-07	1.897279441950273	22.89051688973004	9.989467551802157
2007-08	2.0268558095047506	19.467158944144398	7.753750482747122
2007-09	2.9371887518609143	14.713493961377077	4.4883132598157145
2007-10	5.35577147365126	7.821764472109008	0.7709288755413674
2007-11	5.413052212491811	0.9074297206109786	-4.926746990809957
2007-12	6.003808792108606	-3.976642051380847	-9.0699183857434
2008-01	4.7581422502747595	-3.5568985567452422	-10.068286047286321
2008-02	3.380764431880008	0.7137100089404858	-7.228832566674983
2008-03	2.6657986798541953	3.5375825923429915	-5.956237856323298
2008-04	1.7627710850842029	6.951646586684099	-3.608273095673466
2008-05	1.8033035367038108	14.801904400185856	3.0323357960731196
2008-06	2.0327309282279638	17.135100378042242	5.309236950017362
2008-07	1.4681305862960303	20.485619908772783	8.124329580573942
2008-08	3.484609401943014	19.971472984985578	8.437077345296862
2008-09	1.1714056225545915	16.266867465020184	4.841807229679272
2008-10	3.921531285912528	8.366575985695201	0.1671200956421004
2008-11	5.554377505799613	3.1751405615703647	-2.118353417336223
2008-12	3.40133603659236	-2.7597165975644278	-7.205303640787298
2009-01	3.840191813271879	-0.8718395862653656	-4.778291195238037
2009-02	2.210669074015554	0.8778481045215784	-4.808951175679026
2009-03	3.8158023669165755	1.3636994701336724	-5.820702326765057
2009-04	1.6070042216356546	9.521392408657803	-2.4456118173488584
2009-05	2.4017149857954623	13.959330346531141	1.9345038809724953
2009-06	1.564050637628836	19.818902959099297	6.475485236207141
2009-07	1.447284605480326	23.847121281933426	9.974887713853828
2009-08	1.3213964910282558	21.88946509215237	9.150592086271589
2009-09	2.868691983168261	17.316666664202003	6.506751060526708
2009-10	4.983503460266508	5.566925284164859	-0.15238872823324823
2009-11	10.290506323738189	1.9693670909804635	-2.344978903683555
2009-12	2.8016741491060153	-4.792200895603601	-10.952919550106179
2010-01	6.143936300999342	-0.28187014815112726	-5.069538589501537
2010-02	3.01943942200507	3.52567812436299	-3.359584088516413
2010-03	3.7206206615297783	6.365904451572637	-2.5956717070850757
2010-04	2.961476793809782	8.932447256292471	-0.6616877668108869
2010-05	2.399142508508722	13.751572076028928	2.0661902792931284
2010-06	1.8867032501442416	17.665217401006142	6.169776282251611
2010-07	0.7693752558097979	22.75022458115029	8.80592077892622
2010-08	1.40187831783706	21.148264576727733	8.740016337114483
2010-09	4.1349367099095	14.505822782969801	5.318396621489827
2010-10	3.8817884821266775	9.870314420173123	2.310044917389416
2010-11	4.890675103460057	0.01628691681389567	-5.531223631807395
2010-12	6.57239690048201	-2.718783178302452	-7.476439368659718
2011-01	5.7484279380568974	-2.4310330748162547	-8.213229894093491
2011-02	4.799773960797012	-2.0558770332337235	-9.649367082176923
2011-03	5.6427521442560185	2.86659861288481	-5.783462638606608
2011-04	2.907552746431863	7.616497900267819	-3.0873839647458072
2011-05	2.763903635452479	13.79930582940396	2.3429971402758185
2011-06	2.533037977929734	16.548649783451346	6.213375531922916
2011-07	2.8882809290232685	18.106614937729717	8.45786034716799
2011-08	0.9000000016275027	11.671732523037912	4.7715298918424045
2011-09	3.9424212600881834	8.217322836241385	3.3025098426678166
2011-10	3.73866832578621	3.626881718925201	0.6262613722362776
2011-11	6.514310341986731	0.10728449509639679	-4.205948264566089
2011-12	3.110715754644027	-0.18425357555075414	-5.5598772984706555
2012-01	6.68448345205245	-2.0673744372990046	-7.437974684640139
2012-02	3.222872108126743	1.2153208188449176	-6.448319511940936
2012-03	5.670845252265123	3.2100449162369946	-4.5600653371095605
2012-04	3.5460337554886623	9.062320672318277	-0.8986919864194806
2012-05	1.6436596449275294	14.030483281486836	1.913217683565464
2012-06	4.510641024713842	11.517991456554995	4.28811965841386
2012-07	1.8837468962996238	16.252605465052046	6.954631931176971
2012-08	0.8636889996467739	22.50645158919941	8.894292797193831
2012-09	0.6790170930803586	19.015213683922575	5.35222222283801
2012-10	5.991439205242322	7.562324237121566	-0.09958643227125417
2012-11	6.568376073387698	1.1358974369290546	-3.860598293468993
2012-12	5.498552530862212	-3.4214640210103013	-8.026261369886479
2013-01	2.759801492359985	-1.7441687312430099	-7.356410254076481
2013-02	3.8451465163652823	2.031593409175865	-4.561355313692147
2013-03	4.190694789615566	5.072415227598894	-5.605748552841352
2013-04	2.91085469938942	8.594188033977252	-1.8476923061741723
2013-05	2.8815136481356878	16.092555815753016	3.7594706376935947
2013-06	2.9285470069314425	18.191880329348084	7.222905979951859
2013-07	0.9944168722689941	23.313895756790124	9.063316790835364
2013-08	2.431100087232635	21.742928039347266	10.030934659734898
2013-09	4.337051282807166	17.498247859633377	6.967863239854192
2013-10	1.312117451415193	9.715343256862303	1.0842845333359574
2013-11	3.916196572357136	1.2164529831650166	-4.529658117425493
2013-12	3.715550040353222	-3.1956162191187922	-8.789784953509656
2014-01	3.2418527726555433	0.5443341591209789	-5.364598841174537
2014-02	4.272893773576061	-3.200732597194257	-12.13653847504912
2014-03	5.471877587011671	2.7729115043331563	-6.089412740943992
2014-04	2.8297435932975805	9.166196576671467	-1.0585042732202599
2014-05	2.0990901556824286	15.350330851392819	3.5894540949016687
2014-06	1.540256408153054	18.169572639770998	6.210940171214633
2014-07	1.4437138096970945	23.670967748285424	9.994913147024446
2014-08	0.9177005790956657	22.88833746641899	9.852977671933948
2014-09	2.4673931621428995	17.22803419685453	6.040940168617755
2014-10	7.228618691817875	9.737923912811837	3.6650124069170777
2014-11	6.356088887671629	0.9271111150814427	-5.293866674270895
2014-12	6.266924726969452	-0.9273978469929387	-5.88533332828873
2015-01	4.423573190400283	0.2394127375927713	-4.81761787211826
2015-02	4.624404770475659	3.2616758246534254	-4.277060443634379
2015-03	4.582506201575866	7.155831265948078	-1.8702646824719986
2015-04	1.9730769217587434	9.841367523709678	-0.8138888905318374
2015-05	1.0988420180766862	17.945119935738784	4.420926387656736
2015-06	1.3825641010083958	21.373675218453773	8.276666673084991
2015-07	1.4956575673446368	22.854838704550136	10.025558309295239
2015-08	3.240901574175081	20.68002479800121	8.781306867770438
2015-09	3.768675220101817	13.971666664868975	4.496709409569446
2015-10	3.5698924713003133	10.81819686011663	3.021339957210227
2015-11	5.082179478797903	1.0468803410919814	-5.055555553514606
2015-12	7.480231599289095	-1.9912324228606706	-6.644995871157908
