2011-01	5.7484279380568974	-2.4310330748162547	-8.213229894093491
2011-02	4.799773960797012	-2.0558770332337235	-9.649367082176923
2011-03	5.6427521442560185	2.86659861288481	-5.783462638606608
2011-04	2.907552746431863	7.616497900267819	-3.0873839647458072
2011-05	2.763903635452479	13.79930582940396	2.3429971402758185
2011-06	2.533037977929734	16.548649783451346	6.213375531922916
2011-07	2.8882809290232685	18.106614937729717	8.45786034716799
2011-08	0.9000000016275027	11.671732523037912	4.7715298918424045
2011-09	3.9424212600881834	8.217322836241385	3.3025098426678166
2011-10	3.73866832578621	3.626881718925201	0.6262613722362776
2011-11	6.514310341986731	0.10728449509639679	-4.205948264566089
2011-12	3.110715754644027	-0.18425357555075414	-5.5598772984706555
2012-01	6.68448345205245	-2.0673744372990046	-7.437974684640139
2012-02	3.222872108126743	1.2153208188449176	-6.448319511940936
2012-03	5.670845252265123	3.2100449162369946	-4.5600653371095605
2012-04	3.5460337554886623	9.062320672318277	-0.8986919864194806
2012-05	1.6436596449275294	14.030483281486836	1.913217683565464
2012-06	4.510641024713842	11.517991456554995	4.28811965841386
2012-07	1.8837468962996238	16.252605465052046	6.954631931176971
2012-08	0.8636889996467739	22.50645158919941	8.894292797193831
2012-09	0.6790170930803586	19.015213683922575	5.35222222283801
2012-10	5.991439205242322	7.562324237121566	-0.09958643227125417
2012-11	6.568376073387698	1.1358974369290546	-3.860598293468993
2012-12	5.498552530862212	-3.4214640210103013	-8.026261369886479
2013-01	2.759801492359985	-1.7441687312430099	-7.356410254076481
2013-02	3.8451465163652823	2.031593409175865	-4.561355313692147
2013-03	4.190694789615566	5.072415227598894	-5.605748552841352
2013-04	2.91085469938942	8.594188033977252	-1.8476923061741723
2013-05	2.8815136481356878	16.092555815753016	3.7594706376935947
2013-06	2.9285470069314425	18.191880329348084	7.222905979951859
2013-07	0.9944168722689941	23.313895756790124	9.063316790835364
2013-08	2.431100087232635	21.742928039347266	10.030934659734898
2013-09	4.337051282807166	17.498247859633377	6.967863239854192
2013-10	1.312117451415193	9.715343256862303	1.0842845333359574
2013-11	3.916196572357136	1.2164529831650166	-4.529658117425493
2013-12	3.715550040353222	-3.1956162191187922	-8.789784953509656
2014-01	3.2418527726555433	0.5443341591209789	-5.364598841174537
2014-02	4.272893773576061	-3.200732597194257	-12.13653847504912
2014-03	5.471877587011671	2.7729115043331563	-6.089412740943992
2014-04	2.8297435932975805	9.166196576671467	-1.0585042732202599
2014-05	2.0990901556824286	15.350330851392819	3.5894540949016687
2014-06	1.540256408153054	18.169572639770998	6.210940171214633
2014-07	1.4437138096970945	23.670967748285424	9.994913147024446
2014-08	0.9177005790956657	22.88833746641899	9.852977671933948
2014-09	2.4673931621428995	17.22803419685453	6.040940168617755
2014-10	7.228618691817875	9.737923912811837	3.6650124069170777
2014-11	6.356088887671629	0.9271111150814427	-5.293866674270895
2014-12	6.266924726969452	-0.9273978469929387	-5.88533332828873
2015-01	4.423573190400283	0.2394127375927713	-4.81761787211826
2015-02	4.624404770475659	3.2616758246534254	-4.277060443634379
2015-03	4.582506201575866	7.155831265948078	-1.8702646824719986
2015-04	1.9730769217587434	9.841367523709678	-0.8138888905318374
2015-05	1.0988420180766862	17.945119935738784	4.420926387656736
2015-06	1.3825641010083958	21.373675218453773	8.276666673084991
2015-07	1.4956575673446368	22.854838704550136	10.025558309295239
2015-08	3.240901574175081	20.68002479800121	8.781306867770438
2015-09	3.768675220101817	13.971666664868975	4.496709409569446
2015-10	3.5698924713003133	10.81819686011663	3.021339957210227
2015-11	5.082179478797903	1.0468803410919814	-5.055555553514606
2015-12	7.480231599289095	-1.9912324228606706	-6.644995871157908
