2015-01	4.423573190400283	0.2394127375927713	-4.81761787211826
2015-02	4.624404770475659	3.2616758246534254	-4.277060443634379
2015-03	4.582506201575866	7.155831265948078	-1.8702646824719986
2015-04	1.9730769217587434	9.841367523709678	-0.8138888905318374
2015-05	1.0988420180766862	17.945119935738784	4.420926387656736
2015-06	1.3825641010083958	21.373675218453773	8.276666673084991
2015-07	1.4956575673446368	22.854838704550136	10.025558309295239
2015-08	3.240901574175081	20.68002479800121	8.781306867770438
2015-09	3.768675220101817	13.971666664868975	4.496709409569446
2015-10	3.5698924713003133	10.81819686011663	3.021339957210227
2015-11	5.082179478797903	1.0468803410919814	-5.055555553514606
2015-12	7.480231599289095	-1.9912324228606706	-6.644995871157908
